Y = [ 
0
0
0
0
0
0
0
0
0
0
0
0
0
0
0
0
0
0
0
0
0
0
0
0
0
0
0
0
0
0
0
0
0
1650.6
190.006
0
0
0
0
103.577
0
0
5024.44
1364.71
0
0
0
0
8364.69
3145.91
0
3333.62
4519.72
0
0
0
0
26056.1
31954.2
0
44.583
3538.5
0
0
0
0
846.203
86742.5
0
0
1929.58
0
0
0
0
0
39828.4
0
0
46.9197
0
0
0
0
0
1461.62
0
0
350.301
0
0
0.655735
6.33333
12.2126
23054.9
2306.91
7.92202
7926.82
1432.51
141994
2.64646
0
0
0.979066
2.86739
2.35813
1.68605
4.29266
0.515274
 ] 
